@@ -0,0 +1,25 @@
M_jan1=[0	0	0	0	0	0	0	862.731984	2588.195952	4313.65992	6039.123888	6901.855872	7764.587856	8195.953848	8195.953848	8195.953848	8195.953848	8195.953848	8195.953848	8195.953848	0	0	0	0];
M_jan2=repmat(M_jan1,1,31);
M_feb1=[0	0	0	0	0	0	0	823.26948	2469.80844	4116.3474	5762.88636	6586.15584	7409.42532	7821.06006	7821.06006	7821.06006	7821.06006	7821.06006	7821.06006	7821.06006	0	0	0	0];
M_feb2=repmat(M_feb1,1,28);
M_mar1=[0	0	0	0	0	0	0	895.390608	2686.171824	4476.95304	6267.734256	7163.124864	8058.515472	8506.210776	8506.210776	8506.210776	8506.210776	8506.210776	8506.210776	8506.210776	0	0	0	0];
M_mar2=repmat(M_mar1,1,31);
M_apr1=[0	0	0	0	0	0	0	873.1646	2619.4938	4365.823	6112.1522	6985.3168	7858.4814	8295.0637	8295.0637	8295.0637	8295.0637	8295.0637	8295.0637	8295.0637	0	0	0	0];
M_apr2=repmat(M_apr1,1,30);
M_may1=[0	0	0	0	0	0	0	905.823224	2717.469672	4529.11612	6340.762568	7246.585792	8152.409016	8605.320628	8605.320628	8605.320628	8605.320628	8605.320628	8605.320628	8605.320628	0	0	0	0];
M_may2=repmat(M_may1,1,31);
M_jun1=[0	0	0	0	0	0	0	864.546352	2593.639056	4322.73176	6051.824464	6916.370816	7780.917168	8213.190344	8213.190344	8213.190344	8213.190344	8213.190344	8213.190344	8213.190344	0	0	0	0];
M_jun2=repmat(M_jun1,1,30);
M_jul1=[0	0	0	0	0	0	0	870.89664	2612.68992	4354.4832	6096.27648	6967.17312	7838.06976	8273.51808	8273.51808	8273.51808	8273.51808	8273.51808	8273.51808	8273.51808	0	0	0	0];
M_jul2=repmat(M_jul1,1,31);
M_aug1=[0	0	0	0	0	0	0	859.55684	2578.67052	4297.7842	6016.89788	6876.45472	7736.01156	8165.78998	8165.78998	8165.78998	8165.78998	8165.78998	8165.78998	8165.78998	0	0	0	0];
M_aug2=repmat(M_aug1,1,31);
M_sep1=[0	0	0	0	0	0	0	825.991032	2477.973096	4129.95516	5781.937224	6607.928256	7433.919288	7846.914804	7846.914804	7846.914804	7846.914804	7846.914804	7846.914804	7846.914804	0	0	0	0];
M_sep2=repmat(M_sep1,1,30);
M_oct1=[0	0	0	0	0	0	0	853.660144	2560.980432	4268.30072	5975.621008	6829.281152	7682.941296	8109.771368	8109.771368	8109.771368	8109.771368	8109.771368	8109.771368	8109.771368	0	0	0	0];
M_oct2=repmat(M_oct1,1,31);
M_nov1=[0	0	0	0	0	0	0	830.07336	2490.22008	4150.3668	5810.51352	6640.58688	7470.66024	7885.69692	7885.69692	7885.69692	7885.69692	7885.69692	7885.69692	7885.69692	0	0	0	0];
M_nov2=repmat(M_nov1,1,30);
M_dec1=[0	0	0	0	0	0	0	865.453536	2596.360608	4327.26768	6058.174752	6923.628288	7789.081824	8221.808592	8221.808592	8221.808592	8221.808592	8221.808592	8221.808592	8221.808592	0	0	0	0];
M_dec2=repmat(M_dec1,1,31);
M_m2=horzcat(M_jan2,M_feb2,M_mar2,M_apr2,M_may2,M_jun2,M_jul2,M_aug2,M_sep2,M_oct2,M_nov2,M_dec2);
